
=== DECISION TREE DETAILED RESULTS ===
Generated on: 2025-08-27 20:04:02

PERFORMANCE METRICS:
- Accuracy: 0.998393
- Precision: 0.998403
- Recall: 0.998393
- F1-Score: 0.998398
- ROC AUC: 0.936624

CONFUSION MATRIX:
[[454246     75      4      3     61     15     11      2      0      1
     190      0      4      3      5]
 [    61    332      0      0      0      0      0      0      0      0
       0      0      0      0      0]
 [     4      0  25602      0      0      0      0      0      0      0
       0      0      0      0      0]
 [     4      0      0   2052      2      1      0      0      0      0
       0      0      0      0      0]
 [    35      0      0      3  46175      0      0      0      0      0
       2      0      0      0      0]
 [     8      0      0      0      0   1086      5      0      0      0
       0      0      0      0      1]
 [     1      0      1      0      0      3   1152      0      0      0
       0      0      2      0      0]
 [     1      0      0      0      0      0      0   1586      0      0
       0      0      1      0      0]
 [     0      0      0      0      0      0      0      0      2      0
       0      0      0      0      0]
 [     1      0      0      0      0      0      0      0      0      6
       0      0      0      0      0]
 [   239      0      0      0      7      0      0      0      0      0
   31538      0      0      0      2]
 [     1      0      0      0      0      0      0      0      0      0
       0   1178      0      0      0]
 [     4      0      0      0      0      0      0      0      0      0
       0      0    228      2     67]
 [     2      0      0      0      0      0      0      0      0      0
       0      0      0      1      1]
 [     4      0      0      0      0      0      0      0      0      0
       0      0     71      0     55]]

CLASSIFICATION REPORT:
              precision    recall  f1-score   support

           0       1.00      1.00      1.00    454620
           1       0.82      0.84      0.83       393
           2       1.00      1.00      1.00     25606
           3       1.00      1.00      1.00      2059
           4       1.00      1.00      1.00     46215
           5       0.98      0.99      0.99      1100
           6       0.99      0.99      0.99      1159
           7       1.00      1.00      1.00      1588
           8       1.00      1.00      1.00         2
           9       0.86      0.86      0.86         7
          10       0.99      0.99      0.99     31786
          11       1.00      1.00      1.00      1179
          12       0.75      0.76      0.75       301
          13       0.17      0.25      0.20         4
          14       0.42      0.42      0.42       130

    accuracy                           1.00    566149
   macro avg       0.86      0.87      0.87    566149
weighted avg       1.00      1.00      1.00    566149

