
=== LIGHTGBM DETAILED RESULTS ===
Generated on: 2025-08-27 20:04:02

PERFORMANCE METRICS:
- Accuracy: 0.966765
- Precision: 0.971831
- Recall: 0.966765
- F1-Score: 0.968317
- ROC AUC: 0.664607

CONFUSION MATRIX:
[[445982    187   1106   2140   1386     22    173    458      1    765
     654      1    511    710    524]
 [   298      0      0      0     70      0      0      0      0      0
      25      0      0      0      0]
 [  1352      0  24203      8     35      0      0      0      0      4
       0      0      0      0      4]
 [   327    511    176    476    288      5    119     28      0     65
       2      0      0     46     16]
 [   728      1    288     11  45146     15      3      0      0     15
       3      1      2      0      2]
 [   835      0     17      5      5      0    108      0      0      0
       0      0      0      0    130]
 [   343      0      9    403      1      0    254      0      0     49
      12      0      1      0     87]
 [   299      0    138    346      1      0      0      0      0    804
       0      0      0      0      0]
 [     2      0      0      0      0      0      0      0      0      0
       0      0      0      0      0]
 [     7      0      0      0      0      0      0      0      0      0
       0      0      0      0      0]
 [   634      0     10     59     71      0      1      0      0      0
   31005      0      0      0      6]
 [   695      0      4    394      1      0      1      0      0      0
       0     83      0      0      1]
 [    47      0      4     11     39      0     11      0      0      0
       0      0    184      5      0]
 [     3      0      0      1      0      0      0      0      0      0
       0      0      0      0      0]
 [    13      0      0      5     32      0      1      0      0      0
       0      0     79      0      0]]

CLASSIFICATION REPORT:
              precision    recall  f1-score   support

           0       0.99      0.98      0.98    454620
           1       0.00      0.00      0.00       393
           2       0.93      0.95      0.94     25606
           3       0.12      0.23      0.16      2059
           4       0.96      0.98      0.97     46215
           5       0.00      0.00      0.00      1100
           6       0.38      0.22      0.28      1159
           7       0.00      0.00      0.00      1588
           8       0.00      0.00      0.00         2
           9       0.00      0.00      0.00         7
          10       0.98      0.98      0.98     31786
          11       0.98      0.07      0.13      1179
          12       0.24      0.61      0.34       301
          13       0.00      0.00      0.00         4
          14       0.00      0.00      0.00       130

    accuracy                           0.97    566149
   macro avg       0.37      0.33      0.32    566149
weighted avg       0.97      0.97      0.97    566149

