
=== LOGISTIC REGRESSION DETAILED RESULTS ===
Generated on: 2025-08-27 20:04:02

PERFORMANCE METRICS:
- Accuracy: 0.976411
- Precision: 0.977384
- Recall: 0.976411
- F1-Score: 0.975926
- ROC AUC: 0.990600

CONFUSION MATRIX:
[[444499      3     48     55   3052    144     15    160      1      1
    6634      6      2      0      0]
 [   391      2      0      0      0      0      0      0      0      0
       0      0      0      0      0]
 [   524      0  25071      0     11      0      0      0      0      0
       0      0      0      0      0]
 [   264      0      0   1791      2      1      1      0      0      0
       0      0      0      0      0]
 [    86      0     35      4  46090      0      0      0      0      0
       0      0      0      0      0]
 [    97      0      0      0      4    939     60      0      0      0
       0      0      0      0      0]
 [   500      0      1      0      0     13    645      0      0      0
       0      0      0      0      0]
 [     5      0      0      0      3      0      0   1580      0      0
       0      0      0      0      0]
 [     0      0      0      0      0      0      0      0      2      0
       0      0      0      0      0]
 [     4      0      0      0      0      1      0      0      0      2
       0      0      0      0      0]
 [   167      0      0      0     21      0      0      0      0      0
   31598      0      0      0      0]
 [   593      0      0      0      2      0      0      2      0      0
       7    575      0      0      0]
 [   301      0      0      0      0      0      0      0      0      0
       0      0      0      0      0]
 [     4      0      0      0      0      0      0      0      0      0
       0      0      0      0      0]
 [   119      0      0      0      7      0      0      0      0      0
       0      0      4      0      0]]

CLASSIFICATION REPORT:
              precision    recall  f1-score   support

           0       0.99      0.98      0.99    454620
           1       0.40      0.01      0.01       393
           2       1.00      0.98      0.99     25606
           3       0.97      0.87      0.92      2059
           4       0.94      1.00      0.97     46215
           5       0.86      0.85      0.85      1100
           6       0.89      0.56      0.69      1159
           7       0.91      0.99      0.95      1588
           8       0.67      1.00      0.80         2
           9       0.67      0.29      0.40         7
          10       0.83      0.99      0.90     31786
          11       0.99      0.49      0.65      1179
          12       0.00      0.00      0.00       301
          13       0.00      0.00      0.00         4
          14       0.00      0.00      0.00       130

    accuracy                           0.98    566149
   macro avg       0.67      0.60      0.61    566149
weighted avg       0.98      0.98      0.98    566149

