
=== NEURAL NETWORK DETAILED RESULTS ===
Generated on: 2025-08-27 20:04:02

PERFORMANCE METRICS:
- Accuracy: 0.995302
- Precision: 0.995352
- Recall: 0.995302
- F1-Score: 0.994926
- ROC AUC: 0.985895

CONFUSION MATRIX:
[[452879      4     45     36   1282    117      1      6      0      0
     226     23      1      0      0]
 [   245    148      0      0      0      0      0      0      0      0
       0      0      0      0      0]
 [     9      0  25596      1      0      0      0      0      0      0
       0      0      0      0      0]
 [    10      0      0   2032     15      2      0      0      0      0
       0      0      0      0      0]
 [   127      0      0      0  46088      0      0      0      0      0
       0      0      0      0      0]
 [     6      0      0      0      0   1088      6      0      0      0
       0      0      0      0      0]
 [     2      0      0      0      1      6   1119     30      0      0
       0      1      0      0      0]
 [     4      0      0      0      0      0      2   1577      0      0
       0      5      0      0      0]
 [     0      0      0      0      0      0      0      0      2      0
       0      0      0      0      0]
 [     5      0      0      0      0      0      0      0      0      2
       0      0      0      0      0]
 [     7      0      0      0     12      0      0      0      0      0
   31765      2      0      0      0]
 [    20      0      0      0      2      0      0      1      0      0
       0   1156      0      0      0]
 [   244      0      0      0      0      0      0      0      0      0
       0     24     33      0      0]
 [     1      0      0      0      0      0      0      0      0      0
       0      3      0      0      0]
 [   118      0      0      0      7      0      0      0      0      0
       0      1      0      0      4]]

CLASSIFICATION REPORT:
              precision    recall  f1-score   support

           0       1.00      1.00      1.00    454620
           1       0.97      0.38      0.54       393
           2       1.00      1.00      1.00     25606
           3       0.98      0.99      0.98      2059
           4       0.97      1.00      0.98     46215
           5       0.90      0.99      0.94      1100
           6       0.99      0.97      0.98      1159
           7       0.98      0.99      0.99      1588
           8       1.00      1.00      1.00         2
           9       1.00      0.29      0.44         7
          10       0.99      1.00      1.00     31786
          11       0.95      0.98      0.97      1179
          12       0.97      0.11      0.20       301
          13       0.00      0.00      0.00         4
          14       1.00      0.03      0.06       130

    accuracy                           1.00    566149
   macro avg       0.91      0.71      0.74    566149
weighted avg       1.00      1.00      0.99    566149

