
=== RANDOM FOREST DETAILED RESULTS ===
Generated on: 2025-08-27 20:04:02

PERFORMANCE METRICS:
- Accuracy: 0.998663
- Precision: 0.998633
- Recall: 0.998663
- F1-Score: 0.998642
- ROC AUC: 0.978014

CONFUSION MATRIX:
[[454319     44      2      0     63      6      0      0      0      0
     185      0      1      0      0]
 [    87    306      0      0      0      0      0      0      0      0
       0      0      0      0      0]
 [     6      0  25599      0      1      0      0      0      0      0
       0      0      0      0      0]
 [     7      0      0   2049      2      1      0      0      0      0
       0      0      0      0      0]
 [    54      0      2      1  46158      0      0      0      0      0
       0      0      0      0      0]
 [     1      0      0      0      0   1092      7      0      0      0
       0      0      0      0      0]
 [     1      0      0      0      1      3   1153      0      0      0
       0      0      1      0      0]
 [     0      0      0      0      0      0      0   1587      0      0
       0      0      0      0      1]
 [     0      0      0      0      0      0      0      0      2      0
       0      0      0      0      0]
 [     1      0      0      0      0      0      0      0      0      6
       0      0      0      0      0]
 [   134      0      0      0      7      0      0      0      0      0
   31642      0      1      0      2]
 [     2      0      0      0      0      0      0      0      0      0
       0   1177      0      0      0]
 [     2      0      0      0      0      0      0      0      0      0
       0      0    255      2     42]
 [     0      0      0      0      0      0      0      0      0      0
       0      0      3      1      0]
 [     9      0      0      0      1      0      0      0      0      0
       0      0     74      0     46]]

CLASSIFICATION REPORT:
              precision    recall  f1-score   support

           0       1.00      1.00      1.00    454620
           1       0.87      0.78      0.82       393
           2       1.00      1.00      1.00     25606
           3       1.00      1.00      1.00      2059
           4       1.00      1.00      1.00     46215
           5       0.99      0.99      0.99      1100
           6       0.99      0.99      0.99      1159
           7       1.00      1.00      1.00      1588
           8       1.00      1.00      1.00         2
           9       1.00      0.86      0.92         7
          10       0.99      1.00      0.99     31786
          11       1.00      1.00      1.00      1179
          12       0.76      0.85      0.80       301
          13       0.33      0.25      0.29         4
          14       0.51      0.35      0.42       130

    accuracy                           1.00    566149
   macro avg       0.90      0.87      0.88    566149
weighted avg       1.00      1.00      1.00    566149

