
=== XGBOOST DETAILED RESULTS ===
Generated on: 2025-08-27 20:04:02

PERFORMANCE METRICS:
- Accuracy: 0.999036
- Precision: 0.999010
- Recall: 0.999036
- F1-Score: 0.998996
- ROC AUC: 0.999975

CONFUSION MATRIX:
[[454345     19      1      1     56      7      1      0      0      0
     189      1      0      0      0]
 [    96    297      0      0      0      0      0      0      0      0
       0      0      0      0      0]
 [     4      0  25602      0      0      0      0      0      0      0
       0      0      0      0      0]
 [     0      0      0   2055      3      1      0      0      0      0
       0      0      0      0      0]
 [    10      0      0      3  46200      0      0      0      0      0
       2      0      0      0      0]
 [     1      0      0      0      0   1092      7      0      0      0
       0      0      0      0      0]
 [     1      0      0      0      1      2   1154      0      0      0
       0      0      1      0      0]
 [     1      0      0      0      0      0      0   1586      0      0
       0      0      0      0      1]
 [     0      0      0      0      0      0      0      0      2      0
       0      0      0      0      0]
 [     1      0      0      0      0      0      0      0      0      6
       0      0      0      0      0]
 [     4      0      0      0      8      0      0      0      0      0
   31772      0      1      0      1]
 [     0      0      0      0      0      0      0      0      0      0
       1   1178      0      0      0]
 [     1      0      0      0      0      0      0      0      0      0
       0      0    277      1     22]
 [     2      0      0      0      0      0      0      0      0      0
       0      0      0      2      0]
 [     2      0      0      0      0      0      0      0      0      0
       0      0     93      0     35]]

CLASSIFICATION REPORT:
              precision    recall  f1-score   support

           0       1.00      1.00      1.00    454620
           1       0.94      0.76      0.84       393
           2       1.00      1.00      1.00     25606
           3       1.00      1.00      1.00      2059
           4       1.00      1.00      1.00     46215
           5       0.99      0.99      0.99      1100
           6       0.99      1.00      0.99      1159
           7       1.00      1.00      1.00      1588
           8       1.00      1.00      1.00         2
           9       1.00      0.86      0.92         7
          10       0.99      1.00      1.00     31786
          11       1.00      1.00      1.00      1179
          12       0.74      0.92      0.82       301
          13       0.67      0.50      0.57         4
          14       0.59      0.27      0.37       130

    accuracy                           1.00    566149
   macro avg       0.93      0.89      0.90    566149
weighted avg       1.00      1.00      1.00    566149

